-1.26772105693817 0.62655645608902 1 0.0000999999974737875 0.0199999995529652 
-1.25882971286774 0.626203000545502 1 0.0000999999974737875 0.0199999995529652 
-1.24948191642761 0.624890863895416 1 0.0000999999974737875 0.0199999995529652 
-1.24253845214844 0.628346383571625 1 0.0000999999974737875 0.0199999995529652 
-1.23132526874542 0.623207688331604 1 0.0000999999974737875 0.0199999995529652 
-1.22632491588593 0.630472302436829 1 0.0000999999974737875 0.0199999995529652 
-1.21941316127777 0.633917093276978 1 0.0000999999974737875 0.0199999995529652 
-1.21204245090485 0.636403024196625 1 0.0000999999974737875 0.0199999995529652 
-1.20513844490051 0.639841556549072 1 0.0000999999974737875 0.0199999995529652 
-1.19778454303741 0.642320215702057 1 0.0000999999974737875 0.0199999995529652 
-1.18727111816406 0.638096570968628 1 0.0000999999974737875 0.0199999995529652 
-1.17996382713318 0.640564262866974 1 0.0000999999974737875 0.0199999995529652 
-1.1740095615387 0.645900249481201 1 0.0000999999974737875 0.0199999995529652 
-1.16222357749939 0.638786673545837 1 0.0000999999974737875 0.0199999995529652 
-1.15676665306091 0.645068645477295 1 0.0000999999974737875 0.0199999995529652 
-1.1463805437088 0.640814363956451 1 0.0000999999974737875 0.0199999995529652 
-1.14443457126617 0.654757618904114 1 0.0000999999974737875 0.0199999995529652 
-1.13501822948456 0.652403950691223 1 0.0000999999974737875 0.0199999995529652 
-1.12778627872467 0.654839992523193 1 0.0000999999974737875 0.0199999995529652 
-1.11666941642761 0.64863795042038 1 0.0000999999974737875 0.0199999995529652 
-1.11121642589569 0.654898405075073 1 0.0000999999974737875 0.0199999995529652 
-1.10402858257294 0.65731817483902 1 0.0000999999974737875 0.0199999995529652 
-1.096848487854 0.65973311662674 1 0.0000999999974737875 0.0199999995529652 
-1.08967649936676 0.662143170833588 1 0.0000999999974737875 0.0199999995529652 
-1.07830965518951 0.654940247535706 1 0.0000999999974737875 0.0199999995529652 
-1.07119119167328 0.657335996627808 1 0.0000999999974737875 0.0199999995529652 
-1.06491494178772 0.661648869514465 1 0.0000999999974737875 0.0199999995529652 
-1.05821490287781 0.664996981620789 1 0.0000999999974737875 0.0199999995529652 
-1.0482257604599 0.660644710063934 1 0.0000999999974737875 0.0199999995529652 
-1.04032504558563 0.661093890666962 1 0.0000999999974737875 0.0199999995529652 
-1.03650987148285 0.671161949634552 1 0.0000999999974737875 0.0199999995529652 
-1.02580416202545 0.664859235286713 1 0.0000999999974737875 0.0199999995529652 
-1.01835632324219 0.666251599788666 1 0.0000999999974737875 0.0199999995529652 
-1.01410269737244 0.675347030162811 1 0.0000999999974737875 0.0199999995529652 
-1.00587582588196 0.674800574779511 1 0.0000999999974737875 0.0199999995529652 
-0.998059511184692 0.675211191177368 1 0.0000999999974737875 0.0199999995529652 
-0.989869654178619 0.674649834632874 1 0.0000999999974737875 0.0199999995529652 
-0.981307327747345 0.673116207122803 1 0.0000999999974737875 0.0199999995529652 
-0.977388143539429 0.68315863609314 1 0.0000999999974737875 0.0199999995529652 
-0.969626426696777 0.68354195356369 1 0.0000999999974737875 0.0199999995529652 
-0.961880922317505 0.683917820453644 1 0.0000999999974737875 0.0199999995529652 
-0.953776836395264 0.683319628238678 1 0.0000999999974737875 0.0199999995529652 
-0.949383914470673 0.692385613918305 1 0.0000999999974737875 0.0199999995529652 
-0.940946042537689 0.690805315971375 1 0.0000999999974737875 0.0199999995529652 
-0.932160437107086 0.688248753547669 1 0.0000999999974737875 0.0199999995529652 
-0.927014648914337 0.69536566734314 1 0.0000999999974737875 0.0199999995529652 
-0.918275535106659 0.692792057991028 1 0.0000999999974737875 0.0199999995529652 
-0.913102746009827 0.699900567531586 1 0.0000999999974737875 0.0199999995529652 
-0.904057443141937 0.696340084075928 1 0.0000999999974737875 0.0199999995529652 
-0.896785378456116 0.697618842124939 1 0.0000999999974737875 0.0199999995529652 
-0.888478755950928 0.695980131626129 1 0.0000999999974737875 0.0199999995529652 
-0.879135191440582 0.691422879695892 1 0.0000999999974737875 0.0199999995529652 
-0.872268915176392 0.693646132946015 1 0.0000999999974737875 0.0199999995529652 
-0.866781234741211 0.699745833873749 1 0.0000999999974737875 0.0199999995529652 
-0.858547627925873 0.69807231426239 1 0.0000999999974737875 0.0199999995529652 
-0.849989473819733 0.695418417453766 1 0.0000999999974737875 0.0199999995529652 
-0.844840824604035 0.702471017837525 1 0.0000999999974737875 0.0199999995529652 
-0.834295988082886 0.693967998027802 1 0.0000999999974737875 0.0199999995529652 
-0.830491364002228 0.704896211624146 1 0.0000999999974737875 0.0199999995529652 
-0.822676301002503 0.704151034355164 1 0.0000999999974737875 0.0199999995529652 
-0.814550340175629 0.702423632144928 1 0.0000999999974737875 0.0199999995529652 
-0.810632705688477 0.713344693183899 1 0.0000999999974737875 0.0199999995529652 
-0.803487002849579 0.714523315429688 1 0.0000999999974737875 0.0199999995529652 
-0.795412600040436 0.712769567966461 1 0.0000999999974737875 0.0199999995529652 
-0.788603842258453 0.714905977249146 1 0.0000999999974737875 0.0199999995529652 
-0.784525096416473 0.725817203521729 1 0.0000999999974737875 0.0199999995529652 
-0.77709686756134 0.725989520549774 1 0.0000999999974737875 0.0199999995529652 
-0.770271718502045 0.728106439113617 1 0.0000999999974737875 0.0199999995529652 
-0.762865960597992 0.728261530399323 1 0.0000999999974737875 0.0199999995529652 
-0.758056223392487 0.737206280231476 1 0.0000999999974737875 0.0199999995529652 
-0.767518162727356 0.801041543483734 1 0.0000999999974737875 0.0199999995529652 
-0.763289093971253 0.814937770366669 1 0.0000999999974737875 0.0199999995529652 
-0.751833736896515 0.798380672931671 1 0.0000999999974737875 0.0199999995529652 
-0.741981744766235 0.78868967294693 1 0.0000999999974737875 0.0199999995529652 
-0.734544575214386 0.788806140422821 1 0.0000999999974737875 0.0199999995529652 
-0.726160824298859 0.78498512506485 1 0.0000999999974737875 0.0199999995529652 
-0.721114873886108 0.794906556606293 1 0.0000999999974737875 0.0199999995529652 
-0.713470876216889 0.794013619422913 1 0.0000999999974737875 0.0199999995529652 
-0.707897365093231 0.801960468292236 1 0.0000999999974737875 0.0199999995529652 
-0.697300970554352 0.788265824317932 1 0.0000999999974737875 0.0199999995529652 
-0.688307106494904 0.781443476676941 1 0.0000999999974737875 0.0199999995529652 
-0.683942377567291 0.794278800487518 1 0.0000999999974737875 0.0199999995529652 
-0.676139950752258 0.79235315322876 1 0.0000999999974737875 0.0199999995529652 
-0.670785784721375 0.801245510578156 1 0.0000999999974737875 0.0199999995529652 
-0.663441896438599 0.801270365715027 1 0.0000999999974737875 0.0199999995529652 
-0.655893802642822 0.800300598144531 1 0.0000999999974737875 0.0199999995529652 
-0.648786544799805 0.801291227340698 1 0.0000999999974737875 0.0199999995529652 
-0.641475081443787 0.801286995410919 1 0.0000999999974737875 0.0199999995529652 
-0.636651754379272 0.813105225563049 1 0.0000999999974737875 0.0199999995529652 
-0.630542397499084 0.819003582000733 1 0.0000999999974737875 0.0199999995529652 
-0.623428404331207 0.819960951805115 1 0.0000999999974737875 0.0199999995529652 
-0.615930795669556 0.818934738636017 1 0.0000999999974737875 0.0199999995529652 
-0.60979425907135 0.824809968471527 1 0.0000999999974737875 0.0199999995529652 
-0.603069245815277 0.827715456485748 1 0.0000999999974737875 0.0199999995529652 
-0.594089686870575 0.818756759166718 1 0.0000999999974737875 0.0199999995529652 
-0.720030844211578 5.81324338912964 1 0.0000999999974737875 0.0199999995529652 
-0.711564064025879 5.82731151580811 1 0.0000999999974737875 0.0199999995529652 
-0.703115701675415 5.84636783599854 1 0.0000999999974737875 0.0199999995529652 
-0.694148123264313 5.72344493865967 1 0.0000999999974737875 0.0199999995529652 
-0.685171782970429 5.60051250457764 1 0.0000999999974737875 0.0199999995529652 
-0.676185607910156 5.47756910324097 1 0.0000999999974737875 0.0199999995529652 
-0.667263746261597 5.3726110458374 1 0.0000999999974737875 0.0199999995529652 
-0.65831458568573 5.2626428604126 1 0.0000999999974737875 0.0199999995529652 
-0.649392604827881 5.16066074371338 1 0.0000999999974737875 0.0199999995529652 
-0.640441954135895 5.05366992950439 1 0.0000999999974737875 0.0199999995529652 
-0.631543636322022 4.95966339111328 1 0.0000999999974737875 0.0199999995529652 
-0.622824311256409 4.90463638305664 1 0.0000999999974737875 0.0199999995529652 
-0.614125669002533 4.85359621047974 1 0.0000999999974737875 0.0199999995529652 
-0.605125248432159 4.73956060409546 1 0.0000999999974737875 0.0199999995529652 
-0.596249341964722 4.65250730514526 1 0.0000999999974737875 0.0199999995529652 
-0.587446391582489 4.58043766021729 1 0.0000999999974737875 0.0199999995529652 
-0.57856959104538 4.49435997009277 1 0.0000999999974737875 0.0199999995529652 
-0.569795727729797 4.42826461791992 1 0.0000999999974737875 0.0199999995529652 
-0.560973405838013 4.35316038131714 1 0.0000999999974737875 0.0199999995529652 
-0.552138209342957 4.2760443687439 1 0.0000999999974737875 0.0199999995529652 
-0.543352067470551 4.20791387557983 1 0.0000999999974737875 0.0199999995529652 
-0.534646511077881 4.15376710891724 1 0.0000999999974737875 0.0199999995529652 
-0.525855600833893 4.08461236953735 1 0.0000999999974737875 0.0199999995529652 
-0.517088234424591 4.01944446563721 1 0.0000999999974737875 0.0199999995529652 
-0.508429944515228 3.97225856781006 1 0.0000999999974737875 0.0199999995529652 
-0.500074863433838 3.97504663467407 1 0.0000999999974737875 0.0199999995529652 
-0.491813659667969 3.99381804466248 1 0.0000999999974737875 0.0199999995529652 
-0.483566582202911 4.01557779312134 1 0.0000999999974737875 0.0199999995529652 
-0.475305199623108 4.035325050354 1 0.0000999999974737875 0.0199999995529652 
-0.466632753610611 3.98007917404175 1 0.0000999999974737875 0.0199999995529652 
-0.457776963710785 3.89182901382446 1 0.0000999999974737875 0.0199999995529652 
-0.449068367481232 3.8295590877533 1 0.0000999999974737875 0.0199999995529652 
-0.440571755170822 3.80326819419861 1 0.0000999999974737875 0.0199999995529652 
-0.43194106221199 3.75296998023987 1 0.0000999999974737875 0.0199999995529652 
-0.423326343297958 3.70465850830078 1 0.0000999999974737875 0.0199999995529652 
-0.41474574804306 3.66133260726929 1 0.0000999999974737875 0.0199999995529652 
-0.406205654144287 3.6239926815033 1 0.0000999999974737875 0.0199999995529652 
-0.397670984268188 3.58663964271545 1 0.0000999999974737875 0.0199999995529652 
-0.389165610074997 3.55327272415161 1 0.0000999999974737875 0.0199999995529652 
-0.38063058257103 3.5138943195343 1 0.0000999999974737875 0.0199999995529652 
-0.372189879417419 3.48949933052063 1 0.0000999999974737875 0.0199999995529652 
-0.363637357950211 3.44509553909302 1 0.0000999999974737875 0.0199999995529652 
-0.355167657136917 3.41367626190186 1 0.0000999999974737875 0.0199999995529652 
-0.346739202737808 3.38824248313904 1 0.0000999999974737875 0.0199999995529652 
-0.338293552398682 3.35879635810852 1 0.0000999999974737875 0.0199999995529652 
-0.329860031604767 3.33033680915833 1 0.0000999999974737875 0.0199999995529652 
-0.32136407494545 3.28986620903015 1 0.0000999999974737875 0.0199999995529652 
-0.312955558300018 3.26338005065918 1 0.0000999999974737875 0.0199999995529652 
-0.304553598165512 3.23688054084778 1 0.0000999999974737875 0.0199999995529652 
-0.296203196048737 3.21836638450623 1 0.0000999999974737875 0.0199999995529652 
-0.287753343582153 3.18084216117859 1 0.0000999999974737875 0.0199999995529652 
-0.279410451650619 3.16130208969116 1 0.0000999999974737875 0.0199999995529652 
-0.271035850048065 3.13474917411804 1 0.0000999999974737875 0.0199999995529652 
-0.262668550014496 3.10818338394165 1 0.0000999999974737875 0.0199999995529652 
-0.25433486700058 3.08660316467285 1 0.0000999999974737875 0.0199999995529652 
-0.245987176895142 3.06101107597351 1 0.0000999999974737875 0.0199999995529652 
-0.237647175788879 3.035404920578 1 0.0000999999974737875 0.0199999995529652 
-0.22936949133873 3.02078413963318 1 0.0000999999974737875 0.0199999995529652 
-0.221034184098244 2.99315166473389 1 0.0000999999974737875 0.0199999995529652 
-0.212750226259232 2.97450494766235 1 0.0000999999974737875 0.0199999995529652 
-0.204468175768852 2.95484471321106 1 0.0000999999974737875 0.0199999995529652 
-0.196188524365425 2.93417143821716 1 0.0000999999974737875 0.0199999995529652 
-0.187916174530983 2.91348457336426 1 0.0000999999974737875 0.0199999995529652 
-0.179659873247147 2.89478421211243 1 0.0000999999974737875 0.0199999995529652 
-0.171406343579292 2.87507057189941 1 0.0000999999974737875 0.0199999995529652 
-0.163160249590874 2.85534358024597 1 0.0000999999974737875 0.0199999995529652 
-0.154913991689682 2.8336033821106 1 0.0000999999974737875 0.0199999995529652 
-0.146675899624825 2.81185007095337 1 0.0000999999974737875 0.0199999995529652 
-0.138492166996002 2.80308246612549 1 0.0000999999974737875 0.0199999995529652 
-0.130275711417198 2.78330183029175 1 0.0000999999974737875 0.0199999995529652 
-0.122102215886116 2.77450776100159 1 0.0000999999974737875 0.0199999995529652 
-0.113902993500233 2.75570034980774 1 0.0000999999974737875 0.0199999995529652 
-0.105705924332142 2.73487997055054 1 0.0000999999974737875 0.0199999995529652 
-0.0975466147065163 2.72504591941833 1 0.0000999999974737875 0.0199999995529652 
-0.0893699899315834 2.70619821548462 1 0.0000999999974737875 0.0199999995529652 
-0.0812219455838204 2.69633769989014 1 0.0000999999974737875 0.0199999995529652 
-0.0730621218681336 2.67846369743347 1 0.0000999999974737875 0.0199999995529652 
-0.0649194866418839 2.66557669639587 1 0.0000999999974737875 0.0199999995529652 
-0.0567796491086483 2.65067601203918 1 0.0000999999974737875 0.0199999995529652 
-0.0486551895737648 2.64176177978516 1 0.0000999999974737875 0.0199999995529652 
-0.0405315272510052 2.6298348903656 1 0.0000999999974737875 0.0199999995529652 
-0.0324164442718029 2.62089419364929 1 0.0000999999974737875 0.0199999995529652 
-0.0242986790835857 2.60194039344788 1 0.0000999999974737875 0.0199999995529652 
-0.0161942169070244 2.59197378158569 1 0.0000999999974737875 0.0199999995529652 
-0.00809440389275551 2.58099365234375 1 0.0000999999974737875 0.0199999995529652 
2.456489900382057D-009 2.57200002670288 1 0.0000999999974737875 0.0199999995529652 
0.00808996986597777 2.56299328804016 1 0.0000999999974737875 0.0199999995529652 
0.0161689482629299 2.54097366333008 1 0.0000999999974737875 0.0199999995529652 
0.0242451410740614 2.52994084358215 1 0.0000999999974737875 0.0199999995529652 
0.0323176681995392 2.52089476585388 1 0.0000999999974737875 0.0199999995529652 
0.0403845310211182 2.51083540916443 1 0.0000999999974737875 0.0199999995529652 
0.0484603457152843 2.50976276397705 1 0.0000999999974737875 0.0199999995529652 
0.0565048307180405 2.49167728424072 1 0.0000999999974737875 0.0199999995529652 
0.0645651072263718 2.48557877540588 1 0.0000999999974737875 0.0199999995529652 
0.072612926363945 2.47546720504761 1 0.0000999999974737875 0.0199999995529652 
0.0806822925806046 2.47534203529358 1 0.0000999999974737875 0.0199999995529652 
0.0887195840477944 2.46420431137085 1 0.0000999999974737875 0.0199999995529652 
0.0967545062303543 2.45405340194702 1 0.0000999999974737875 0.0199999995529652 
0.104784265160561 2.44388961791992 1 0.0000999999974737875 0.0199999995529652 
0.112812645733356 2.4347128868103 1 0.0000999999974737875 0.0199999995529652 
0.120869472622871 2.43352270126343 1 0.0000999999974737875 0.0199999995529652 
0.128886625170708 2.42331981658936 1 0.0000999999974737875 0.0199999995529652 
0.136889010667801 2.41110467910767 1 0.0000999999974737875 0.0199999995529652 
0.144960477948189 2.41387510299683 1 0.0000999999974737875 0.0199999995529652 
0.152981355786324 2.4066333770752 1 0.0000999999974737875 0.0199999995529652 
0.161060675978661 2.41037774085999 1 0.0000999999974737875 0.0199999995529652 
0.169212728738785 2.42610812187195 1 0.0000999999974737875 0.0199999995529652 
0.17748598754406 2.46082305908203 1 0.0000999999974737875 0.0199999995529652 
0.18596787750721 2.52852082252502 1 0.0000999999974737875 0.0199999995529652 
0.194469273090363 2.59720468521118 1 0.0000999999974737875 0.0199999995529652 
0.20301727950573 2.67187404632568 1 0.0000999999974737875 0.0199999995529652 
0.211812272667885 2.7895245552063 1 0.0000999999974737875 0.0199999995529652 
0.219814509153366 2.76217794418335 1 0.0000999999974737875 0.0199999995529652 
0.227905556559563 2.75181722640991 1 0.0000999999974737875 0.0199999995529652 
0.236424118280411 2.81243348121643 1 0.0000999999974737875 0.0199999995529652 
0.254245042800903 6.40681076049805 1 0.0000999999974737875 0.0199999995529652 
0.263035327196121 6.67138576507568 1 0.0000999999974737875 0.0199999995529652 
0.271798551082611 6.91494798660278 1 0.0000999999974737875 0.0199999995529652 
0.280600130558014 7.19749546051025 1 0.0000999999974737875 0.0199999995529652 
0.289614677429199 7.71002292633057 1 0.0000999999974737875 0.0199999995529652 
0.298707485198975 8.36153411865234 1 0.0000999999974737875 0.0199999995529652 
0.307247906923294 8.36104679107666 1 0.0000999999974737875 0.0199999995529652 
0.311165452003479 5.06268405914307 1 0.0000999999974737875 0.0199999995529652 
0.319559305906296 5.05117845535278 1 0.0000999999974737875 0.0199999995529652 
0.327996820211411 5.05765914916992 1 0.0000999999974737875 0.0199999995529652 
0.336495488882065 5.08812427520752 1 0.0000999999974737875 0.0199999995529652 
0.345333695411682 5.2565655708313 1 0.0000999999974737875 0.0199999995529652 
0.353259116411209 5.05402374267578 1 0.0000999999974737875 0.0199999995529652 
0.361254125833511 4.89846706390381 1 0.0000999999974737875 0.0199999995529652 
0.369684219360352 4.90288352966309 1 0.0000999999974737875 0.0199999995529652 
0.378142416477203 4.91628646850586 1 0.0000999999974737875 0.0199999995529652 
0.386594295501709 4.92667627334595 1 0.0000999999974737875 0.0199999995529652 
0.395042330026627 4.93505334854126 1 0.0000999999974737875 0.0199999995529652 
0.403479874134064 4.93941879272461 1 0.0000999999974737875 0.0199999995529652 
0.411963433027267 4.9577693939209 1 0.0000999999974737875 0.0199999995529652 
0.420414716005325 4.9651083946228 1 0.0000999999974737875 0.0199999995529652 
0.428874492645264 4.9744348526001 1 0.0000999999974737875 0.0199999995529652 
0.43736919760704 4.99374723434448 1 0.0000999999974737875 0.0199999995529652 
0.445843756198883 5.00604772567749 1 0.0000999999974737875 0.0199999995529652 
0.456980228424072 5.95422315597534 1 0.0000999999974737875 0.0199999995529652 
0.456466853618622 3.67488551139832 1 0.0000999999974737875 0.0199999995529652 
0.464392304420471 3.61317777633667 1 0.0000999999974737875 0.0199999995529652 
0.472263365983963 3.54746103286743 1 0.0000999999974737875 0.0199999995529652 
0.480260103940964 3.50272750854492 1 0.0000999999974737875 0.0199999995529652 
0.488293558359146 3.46498036384583 1 0.0000999999974737875 0.0199999995529652 
0.495720058679581 3.35425019264221 1 0.0000999999974737875 0.0199999995529652 
0.503565192222595 3.30048966407776 1 0.0000999999974737875 0.0199999995529652 
0.511328339576721 3.24072170257568 1 0.0000999999974737875 0.0199999995529652 
0.519172847270966 3.19293904304504 1 0.0000999999974737875 0.0199999995529652 
0.526972889900208 3.14314746856689 1 0.0000999999974737875 0.0199999995529652 
0.534776866436005 3.09634470939636 1 0.0000999999974737875 0.0199999995529652 
0.542411625385284 3.03654003143311 1 0.0000999999974737875 0.0199999995529652 
0.550259590148926 2.99871349334717 1 0.0000999999974737875 0.0199999995529652 
0.557955980300903 2.94988393783569 1 0.0000999999974737875 0.0199999995529652 
0.56577056646347 2.91303777694702 1 0.0000999999974737875 0.0199999995529652 
0.573382079601288 2.86219191551208 1 0.0000999999974737875 0.0199999995529652 
0.581120193004608 2.82332873344421 1 0.0000999999974737875 0.0199999995529652 
0.589115083217621 2.80444097518921 1 0.0000999999974737875 0.0199999995529652 
0.597500026226044 2.81352114677429 1 0.0000999999974737875 0.0199999995529652 
0.603621065616608 2.6707170009613 1 0.0000999999974737875 0.0199999995529652 
0.611782073974609 2.66578888893127 1 0.0000999999974737875 0.0199999995529652 
0.62044221162796 2.69182133674622 1 0.0000999999974737875 0.0199999995529652 
0.626159310340881 2.54301381111145 1 0.0000999999974737875 0.0199999995529652 
0.632432281970978 2.44016575813293 1 0.0000999999974737875 0.0199999995529652 
0.638601720333099 2.3423159122467 1 0.0000999999974737875 0.0199999995529652 
0.64467066526413 2.24946403503418 1 0.0000999999974737875 0.0199999995529652 
0.651915431022644 2.2115330696106 1 0.0000999999974737875 0.0199999995529652 
0.659855663776398 2.20255017280579 1 0.0000999999974737875 0.0199999995529652 
0.667586624622345 2.18557024002075 1 0.0000999999974737875 0.0199999995529652 
0.675728678703308 2.18455457687378 1 0.0000999999974737875 0.0199999995529652 
0.684085488319397 2.19151544570923 1 0.0000999999974737875 0.0199999995529652 
0.692448616027832 2.19846558570862 1 0.0000999999974737875 0.0199999995529652 
0.700659036636353 2.1994149684906 1 0.0000999999974737875 0.0199999995529652 
0.708954393863678 2.20334911346436 1 0.0000999999974737875 0.0199999995529652 
0.717309296131134 2.20926928520203 1 0.0000999999974737875 0.0199999995529652 
0.725777983665466 2.21917176246643 1 0.0000999999974737875 0.0199999995529652 
0.734118759632111 2.22407293319702 1 0.0000999999974737875 0.0199999995529652 
0.74222081899643 2.21998023986816 1 0.0000999999974737875 0.0199999995529652 
0.750899493694306 2.23683905601501 1 0.0000999999974737875 0.0199999995529652 
0.759149312973023 2.23771691322327 1 0.0000999999974737875 0.0199999995529652 
0.767403960227966 2.23858499526978 1 0.0000999999974737875 0.0199999995529652 
0.775829195976257 2.24543190002441 1 0.0000999999974737875 0.0199999995529652 
0.78401118516922 2.24328637123108 1 0.0000999999974737875 0.0199999995529652 
0.792392790317535 2.24811720848083 1 0.0000999999974737875 0.0199999995529652 
0.800864219665527 2.25593304634094 1 0.0000999999974737875 0.0199999995529652 
0.809453547000885 2.26773023605347 1 0.0000999999974737875 0.0199999995529652 
0.81793749332428 2.27552604675293 1 0.0000999999974737875 0.0199999995529652 
0.826147675514221 2.27333283424377 1 0.0000999999974737875 0.0199999995529652 
0.834700226783753 2.28310537338257 1 0.0000999999974737875 0.0199999995529652 
0.8430055975914 2.2838876247406 1 0.0000999999974737875 0.0199999995529652 
0.851823627948761 2.3026225566864 1 0.0000999999974737875 0.0199999995529652 
0.860170066356659 2.3043839931488 1 0.0000999999974737875 0.0199999995529652 
0.868747174739838 2.31411933898926 1 0.0000999999974737875 0.0199999995529652 
0.877358019351959 2.32484340667725 1 0.0000999999974737875 0.0199999995529652 
0.885974824428558 2.33555841445923 1 0.0000999999974737875 0.0199999995529652 
0.894205331802368 2.33229470252991 1 0.0000999999974737875 0.0199999995529652 
0.902750313282013 2.33999848365784 1 0.0000999999974737875 0.0199999995529652 
0.911609172821045 2.35866951942444 1 0.0000999999974737875 0.0199999995529652 
0.919970393180847 2.35937094688416 1 0.0000999999974737875 0.0199999995529652 
0.928644835948944 2.37103986740112 1 0.0000999999974737875 0.0199999995529652 
0.937379956245422 2.38469624519348 1 0.0000999999974737875 0.0199999995529652 
0.945954084396362 2.39235711097717 1 0.0000999999974737875 0.0199999995529652 
0.954395294189453 2.39502048492432 1 0.0000999999974737875 0.0199999995529652 
0.963119685649872 2.40765380859375 1 0.0000999999974737875 0.0199999995529652 
0.972556352615357 2.44622182846069 1 0.0000999999974737875 0.0199999995529652 
0.98030823469162 2.42291831970215 1 0.0000999999974737875 0.0199999995529652 
0.989185154438019 2.44051623344421 1 0.0000999999974737875 0.0199999995529652 
0.998146116733551 2.46109986305237 1 0.0000999999974737875 0.0199999995529652 
1.0068131685257 2.47070050239563 1 0.0000999999974737875 0.0199999995529652 
1.01540493965149 2.47729969024658 1 0.0000999999974737875 0.0199999995529652 
1.02400243282318 2.48389172554016 1 0.0000999999974737875 0.0199999995529652 
1.03308534622192 2.50843620300293 1 0.0000999999974737875 0.0199999995529652 
1.04216623306274 2.53297352790833 1 0.0000999999974737875 0.0199999995529652 
1.05376577377319 2.65929222106934 1 0.0000999999974737875 0.0199999995529652 
1.06129479408264 2.62094593048096 1 0.0000999999974737875 0.0199999995529652 
1.06894516944885 2.58858370780945 1 0.0000999999974737875 0.0199999995529652 
1.07628548145294 2.54524207115173 1 0.0000999999974737875 0.0199999995529652 
1.08423161506653 2.52584338188171 1 0.0000999999974737875 0.0199999995529652 
1.09200644493103 2.50045371055603 1 0.0000999999974737875 0.0199999995529652 
1.09965431690216 2.4710693359375 1 0.0000999999974737875 0.0199999995529652 
1.10707783699036 2.43469953536987 1 0.0000999999974737875 0.0199999995529652 
1.11491668224335 2.4132878780365 1 0.0000999999974737875 0.0199999995529652 
1.12334799766541 2.41181969642639 1 0.0000999999974737875 0.0199999995529652 
1.13736045360565 2.61085820198059 1 0.0000999999974737875 0.0199999995529652 
1.14638829231262 2.63132500648499 1 0.0000999999974737875 0.0199999995529652 
1.15536606311798 2.6497905254364 1 0.0000999999974737875 0.0199999995529652 
1.16429603099823 2.666255235672 1 0.0000999999974737875 0.0199999995529652 
1.17330157756805 2.68570780754089 1 0.0000999999974737875 0.0199999995529652 
1.18167209625244 2.67921137809753 1 0.0000999999974737875 0.0199999995529652 
1.18977069854736 2.66173434257507 1 0.0000999999974737875 0.0199999995529652 
1.19768714904785 2.63726902008057 1 0.0000999999974737875 0.0199999995529652 
1.20574998855591 2.61878657341003 1 0.0000999999974737875 0.0199999995529652 
1.21367597579956 2.59531164169312 1 0.0000999999974737875 0.0199999995529652 
1.22488176822662 2.69853782653809 1 0.0000999999974737875 0.0199999995529652 
1.23833966255188 2.91155529022217 1 0.0000999999974737875 0.0199999995529652 
1.24858689308167 2.99185657501221 1 0.0000999999974737875 0.0199999995529652 
1.25636374950409 2.95237731933594 1 0.0000999999974737875 0.0199999995529652 
1.26574409008026 2.99074864387512 1 0.0000999999974737875 0.0199999995529652 
1.27473342418671 3.01015114784241 1 0.0000999999974737875 0.0199999995529652 
1.28378331661224 3.03254461288452 1 0.0000999999974737875 0.0199999995529652 
1.29293084144592 3.05992531776428 1 0.0000999999974737875 0.0199999995529652 
1.30201745033264 3.08430790901184 1 0.0000999999974737875 0.0199999995529652 
1.31162917613983 3.13663935661316 1 0.0000999999974737875 0.0199999995529652 
1.32050347328186 3.15003418922424 1 0.0000999999974737875 0.0199999995529652 
1.32981848716736 3.18738579750061 1 0.0000999999974737875 0.0199999995529652 
1.33889269828796 3.21175646781921 1 0.0000999999974737875 0.0199999995529652 
1.34812438488007 3.24510931968689 1 0.0000999999974737875 0.0199999995529652 
1.35738432407379 3.28045701980591 1 0.0000999999974737875 0.0199999995529652 
1.36678814888 3.32478857040405 1 0.0000999999974737875 0.0199999995529652 
1.37642180919647 3.3840959072113 1 0.0000999999974737875 0.0199999995529652 
1.38525116443634 3.39447546005249 1 0.0000999999974737875 0.0199999995529652 
1.39462292194366 3.43880224227905 1 0.0000999999974737875 0.0199999995529652 
1.40376710891724 3.4691481590271 1 0.0000999999974737875 0.0199999995529652 
1.41305935382843 3.50947785377502 1 0.0000999999974737875 0.0199999995529652 
1.43591368198395 4.78754281997681 1 0.0000999999974737875 0.0199999995529652 
1.44593107700348 4.95580005645752 1 0.0000999999974737875 0.0199999995529652 
1.45315039157867 4.76831722259522 1 0.0000999999974737875 0.0199999995529652 
1.46149873733521 4.72572803497314 1 0.0000999999974737875 0.0199999995529652 
1.46987700462341 4.6871337890625 1 0.0000999999974737875 0.0199999995529652 
1.47914028167725 4.75345659255981 1 0.0000999999974737875 0.0199999995529652 
1.11486864089966 0.466224700212479 1 0.0000999999974737875 0.0199999995529652 
1.1176940202713 0.460183382034302 1 0.0000999999974737875 0.0199999995529652 
1.12576401233673 0.459626942873001 1 0.0000999999974737875 0.0199999995529652 
1.13297128677368 0.458151489496231 1 0.0000999999974737875 0.0199999995529652 
1.1401971578598 0.456671059131622 1 0.0000999999974737875 0.0199999995529652 
1.14923942089081 0.457009851932526 1 0.0000999999974737875 0.0199999995529652 
1.57079648971558 0.448000013828278 1 0.0000999999974737875 0.00224000005982816 
1.57952320575714 0.447999984025955 1 0.0000999999974737875 0.00223999982699752 
1.58824980258942 0.446999996900558 1 0.0000999999974737875 0.0022350000217557 
1.59697651863098 0.437999993562698 1 0.0000999999974737875 0.00218999991193414 
1.60570311546326 0.437999993562698 1 0.0000999999974737875 0.00218999991193414 
1.61442983150482 0.441000014543533 1 0.0000999999974737875 0.00220500002615154 
1.6231564283371 0.43299999833107 1 0.0000999999974737875 0.00216499995440245 
1.63188302516937 0.428000003099442 1 0.0000999999974737875 0.00213999999687076 
1.64060974121094 0.429000020027161 1 0.0000999999974737875 0.00214500003494322 
1.64933633804321 0.43299999833107 1 0.0000999999974737875 0.00216499995440245 
1.65806305408478 0.433000028133392 1 0.0000999999974737875 0.00216500018723309 
1.66678965091705 0.432000011205673 1 0.0000999999974737875 0.00215999991632998 
1.67551624774933 0.423000037670136 1 0.0000999999974737875 0.00211500003933907 
1.68424296379089 0.423000007867813 1 0.0000999999974737875 0.00211500003933907 
1.69296956062317 0.423000007867813 1 0.0000999999974737875 0.00211500003933907 
1.70169627666473 0.414999961853027 1 0.0000999999974737875 0.00207499973475933 
1.71042287349701 0.412999987602234 1 0.0000999999974737875 0.00206499989144504 
1.71914958953857 0.416000038385391 1 0.0000999999974737875 0.00208000023849308 
1.72787618637085 0.41200003027916 1 0.0000999999974737875 0.00206000008620322 
1.73660278320313 0.421000003814697 1 0.0000999999974737875 0.00210499996319413 
1.74532949924469 0.41499999165535 1 0.0000999999974737875 0.00207499996758997 
1.75405609607697 0.416999995708466 1 0.0000999999974737875 0.00208500004373491 
1.76278281211853 0.418000012636185 1 0.0000999999974737875 0.00209000008180737 
1.77150940895081 0.407999992370605 1 0.0000999999974737875 0.00203999993391335 
1.78023600578308 0.406000018119812 1 0.0000999999974737875 0.00203000009059906 
1.78896272182465 0.407999992370605 1 0.0000999999974737875 0.00203999993391335 
1.79768931865692 0.402999997138977 1 0.0000999999974737875 0.00201499997638166 
1.80641603469849 0.397000044584274 1 0.0000999999974737875 0.00198500021360815 
1.81514263153076 0.404000014066696 1 0.0000999999974737875 0.00202000001445413 
1.82386922836304 0.40599998831749 1 0.0000999999974737875 0.00202999985776842 
1.8325959444046 0.393999993801117 1 0.0000999999974737875 0.0019699998665601 
1.84132254123688 0.406999975442886 1 0.0000999999974737875 0.00203499989584088 
1.85004925727844 0.400000005960464 1 0.0000999999974737875 0.0020000000949949 
1.85877573490143 0.393999993801117 1 0.0000999999974737875 0.0019699998665601 
1.86750257015228 0.39300000667572 1 0.0000999999974737875 0.00196500006131828 
1.87622916698456 0.393999993801117 1 0.0000999999974737875 0.0019699998665601 
1.88495576381683 0.390000015497208 1 0.0000999999974737875 0.0019500000635162 
1.8936824798584 0.390000015497208 1 0.0000999999974737875 0.0019500000635162 
1.90240907669067 0.398000001907349 1 0.0000999999974737875 0.00199000001884997 
1.91113567352295 0.385000020265579 1 0.0000999999974737875 0.00192500010598451 
1.91986238956451 0.395999997854233 1 0.0000999999974737875 0.00197999994270504 
1.9285888671875 0.396000027656555 1 0.0000999999974737875 0.00198000017553568 
1.93731558322907 0.395999997854233 1 0.0000999999974737875 0.00197999994270504 
1.94604229927063 0.388000041246414 1 0.0000999999974737875 0.00194000022020191 
1.95476889610291 0.397000014781952 1 0.0000999999974737875 0.0019849999807775 
1.96349561214447 0.381000012159348 1 0.0000999999974737875 0.00190500007010996 
1.97222232818604 0.392999976873398 1 0.0000999999974737875 0.00196499982848763 
1.98094880580902 0.398000001907349 1 0.0000999999974737875 0.00199000001884997 
1.98967552185059 0.386000007390976 1 0.0000999999974737875 0.00193000002764165 
1.99840211868286 0.386000037193298 1 0.0000999999974737875 0.00193000014405698 
2.00712871551514 0.387000024318695 1 0.0000999999974737875 0.00193500006571412 
2.01585531234741 0.388999998569489 1 0.0000999999974737875 0.00194499990902841 
2.02458214759827 0.387000024318695 1 0.0000999999974737875 0.00193500006571412 
2.03330874443054 0.384999960660934 1 0.0000999999974737875 0.00192499975673854 
2.0420355796814 0.386999994516373 1 0.0000999999974737875 0.0019349999492988 
2.05076217651367 0.386000007390976 1 0.0000999999974737875 0.00193000002764165 
2.05948877334595 0.386000007390976 1 0.0000999999974737875 0.00193000002764165 
2.06821537017822 0.386999994516373 1 0.0000999999974737875 0.0019349999492988 
2.0769419670105 0.382999986410141 1 0.0000999999974737875 0.00191499991342425 
2.08566856384277 0.38699996471405 1 0.0000999999974737875 0.00193499983288348 
2.09439516067505 0.381999999284744 1 0.0000999999974737875 0.00190999999176711 
2.1031219959259 0.375 1 0.0000999999974737875 0.00187499995809048 
2.11184859275818 0.379000008106232 1 0.0000999999974737875 0.00189499999396503 
2.12057542800903 0.379999995231628 1 0.0000999999974737875 0.00189999991562217 
2.12930202484131 0.377999991178513 1 0.0000999999974737875 0.00188999995589256 
2.13802862167358 0.381000012159348 1 0.0000999999974737875 0.00190500007010996 
2.14675521850586 0.389999985694885 1 0.0000999999974737875 0.00194999983068556 
2.15548181533813 0.381000012159348 1 0.0000999999974737875 0.00190500007010996 
2.16420841217041 0.379000008106232 1 0.0000999999974737875 0.00189499999396503 
2.17293500900269 0.379000008106232 1 0.0000999999974737875 0.00189499999396503 
2.18166184425354 0.377999991178513 1 0.0000999999974737875 0.00188999995589256 
2.19038844108582 0.38400000333786 1 0.0000999999974737875 0.00191999995149672 
2.19911503791809 0.374000012874603 1 0.0000999999974737875 0.00187000003643334 
2.20784163475037 0.38400000333786 1 0.0000999999974737875 0.00191999995149672 
2.21656847000122 0.384000033140183 1 0.0000999999974737875 0.00192000006791204 
2.2252950668335 0.383999973535538 1 0.0000999999974737875 0.0019199998350814 
2.23402166366577 0.383999973535538 1 0.0000999999974737875 0.0019199998350814 
2.24274826049805 0.382999986410141 1 0.0000999999974737875 0.00191499991342425 
2.2514750957489 0.381000012159348 1 0.0000999999974737875 0.00190500007010996 
2.2602014541626 0.391000002622604 1 0.0000999999974737875 0.00195499998517334 
2.26892828941345 0.386000007390976 1 0.0000999999974737875 0.00193000002764165 
2.27765488624573 0.381999969482422 1 0.0000999999974737875 0.00190999975893647 
2.286381483078 0.379000008106232 1 0.0000999999974737875 0.00189499999396503 
2.29510831832886 0.386999994516373 1 0.0000999999974737875 0.0019349999492988 
2.30383491516113 0.38400000333786 1 0.0000999999974737875 0.00191999995149672 
2.31256151199341 0.391000002622604 1 0.0000999999974737875 0.00195499998517334 
2.32128810882568 0.381999999284744 1 0.0000999999974737875 0.00190999999176711 
2.33001470565796 0.394999980926514 1 0.0000999999974737875 0.00197499990463257 
2.33874130249023 0.400000005960464 1 0.0000999999974737875 0.0020000000949949 
2.34746789932251 0.39300000667572 1 0.0000999999974737875 0.00196500006131828 
2.35619473457336 0.389999985694885 1 0.0000999999974737875 0.00194999983068556 
2.36492133140564 0.386000007390976 1 0.0000999999974737875 0.00193000002764165 
2.37364792823791 0.387000024318695 1 0.0000999999974737875 0.00193500006571412 
2.38237476348877 0.389000028371811 1 0.0000999999974737875 0.00194500014185905 
2.39110136032104 0.389999985694885 1 0.0000999999974737875 0.00194999983068556 
2.39982795715332 0.387999981641769 1 0.0000999999974737875 0.00193999987095594 
2.4085545539856 0.400999963283539 1 0.0000999999974737875 0.00200499966740608 
2.41728115081787 0.400000005960464 1 0.0000999999974737875 0.0020000000949949 
2.42600798606873 0.397000014781952 1 0.0000999999974737875 0.0019849999807775 
2.434734582901 0.393999993801117 1 0.0000999999974737875 0.0019699998665601 
2.44346117973328 0.393999963998795 1 0.0000999999974737875 0.0019699998665601 
2.45218777656555 0.396000027656555 1 0.0000999999974737875 0.00198000017553568 
2.46091461181641 0.391000002622604 1 0.0000999999974737875 0.00195499998517334 
2.4696409702301 0.405000001192093 1 0.0000999999974737875 0.00202500005252659 
2.47836780548096 0.407999992370605 1 0.0000999999974737875 0.00203999993391335 
2.48709440231323 0.405000001192093 1 0.0000999999974737875 0.00202500005252659 
2.49582099914551 0.402999997138977 1 0.0000999999974737875 0.00201499997638166 
2.50454759597778 0.40200001001358 1 0.0000999999974737875 0.00200999993830919 
2.51327419281006 0.409000039100647 1 0.0000999999974737875 0.00204500020481646 
2.52200102806091 0.411000043153763 1 0.0000999999974737875 0.00205500028096139 
2.53072762489319 0.414000034332275 1 0.0000999999974737875 0.00207000016234815 
2.53945422172546 0.412000000476837 1 0.0000999999974737875 0.00205999985337257 
2.54818105697632 0.413000017404556 1 0.0000999999974737875 0.00206500012427568 
2.55690765380859 0.407999992370605 1 0.0000999999974737875 0.00203999993391335 
2.56563425064087 0.416000038385391 1 0.0000999999974737875 0.00208000023849308 
2.57436084747314 0.423000007867813 1 0.0000999999974737875 0.00211500003933907 
2.58308744430542 0.418999999761581 1 0.0000999999974737875 0.0020949998870492 
2.5918140411377 0.421999990940094 1 0.0000999999974737875 0.0021100000012666 
2.60054063796997 0.426999986171722 1 0.0000999999974737875 0.00213499995879829 
2.60926747322083 0.429000020027161 1 0.0000999999974737875 0.00214500003494322 
2.6179940700531 0.428999960422516 1 0.0000999999974737875 0.00214499980211258 
2.62672066688538 0.432000011205673 1 0.0000999999974737875 0.00215999991632998 
2.63544750213623 0.429000020027161 1 0.0000999999974737875 0.00214500003494322 
2.64417386054993 0.432000011205673 1 0.0000999999974737875 0.00215999991632998 
2.65290069580078 0.430000007152557 1 0.0000999999974737875 0.00215000007301569 
2.66162729263306 0.444000005722046 1 0.0000999999974737875 0.00221999990753829 
2.67035388946533 0.441000044345856 1 0.0000999999974737875 0.00220500025898218 
2.67908048629761 0.444000005722046 1 0.0000999999974737875 0.00221999990753829 
2.68780732154846 0.437000036239624 1 0.0000999999974737875 0.00218500010669231 
2.69653391838074 0.456999987363815 1 0.0000999999974737875 0.00228499993681908 
2.70526051521301 0.437999993562698 1 0.0000999999974737875 0.00218999991193414 
2.71398711204529 0.444000035524368 1 0.0000999999974737875 0.00222000014036894 
2.72271370887756 0.448000013828278 1 0.0000999999974737875 0.00224000005982816 
2.73144054412842 0.449999988079071 1 0.0000999999974737875 0.00224999990314245 
2.74016714096069 0.45100000500679 1 0.0000999999974737875 0.00225499994121492 
2.74889373779297 0.40200001001358 1 0.0000999999974737875 0.00200999993830919 
2.75762033462524 4.68499994277954 1 0.0000999999974737875 0.0234249997884035 
2.76634693145752 8.18900012969971 1 0.0000999999974737875 0.0409450009465218 
2.77507376670837 4.50099992752075 1 0.0000999999974737875 0.0225049983710051 
2.78380036354065 4.47100019454956 1 0.0000999999974737875 0.0223549995571375 
2.79252696037292 4.43300008773804 1 0.0000999999974737875 0.0221650004386902 
2.8012535572052 4.37900018692017 1 0.0000999999974737875 0.0218950007110834 
2.80998039245605 3.86299967765808 1 0.0000999999974737875 0.0193149987608194 
2.81870698928833 3.45299983024597 1 0.0000999999974737875 0.0172649994492531 
2.82743358612061 3.42599987983704 1 0.0000999999974737875 0.0171299986541271 
2.83616018295288 3.39499998092651 1 0.0000999999974737875 0.0169749986380339 
2.84488677978516 3.36500000953674 1 0.0000999999974737875 0.0168249998241663 
2.85361361503601 3.34599995613098 1 0.0000999999974737875 0.0167299993336201 
2.86234021186829 3.31599974632263 1 0.0000999999974737875 0.0165799986571074 
2.87106680870056 3.28699994087219 1 0.0000999999974737875 0.0164349991828203 
2.87979364395142 3.25699996948242 1 0.0000999999974737875 0.0162850003689528 
2.88852000236511 3.23200011253357 1 0.0000999999974737875 0.016160000115633 
2.89724683761597 3.20099973678589 1 0.0000999999974737875 0.0160049982368946 
2.90597343444824 3.18199968338013 1 0.0000999999974737875 0.0159099977463484 
2.91470003128052 3.15199995040894 1 0.0000999999974737875 0.0157599989324808 
2.92342662811279 3.13499999046326 1 0.0000999999974737875 0.0156749989837408 
2.93215322494507 3.10599994659424 1 0.0000999999974737875 0.0155299995094538 
2.94088006019592 3.08500027656555 1 0.0000999999974737875 0.0154250012710691 
2.9496066570282 3.06599998474121 1 0.0000999999974737875 0.0153299998492002 
2.95833325386047 3.04699993133545 1 0.0000999999974737875 0.015234999358654 
2.96705985069275 3.02899980545044 1 0.0000999999974737875 0.0151449991390109 
2.97578644752502 2.99699974060059 1 0.0000999999974737875 0.014984997920692 
2.98451328277588 2.97699999809265 1 0.0000999999974737875 0.0148849999532104 
2.99323987960815 2.96799993515015 1 0.0000999999974737875 0.0148399993777275 
3.00196647644043 2.9779999256134 1 0.0000999999974737875 0.0148899992927909 
3.0106930732727 3.0090000629425 1 0.0000999999974737875 0.0150450002402067 
3.01941967010498 3.04900002479553 1 0.0000999999974737875 0.0152449999004602 
3.02814650535583 3.08899998664856 1 0.0000999999974737875 0.0154449995607138 
3.03687310218811 3.13800001144409 1 0.0000999999974737875 0.0156899988651276 
3.04559969902039 3.17400002479553 1 0.0000999999974737875 0.0158699993044138 
3.05432629585266 3.21200013160706 1 0.0000999999974737875 0.0160600002855062 
3.06305289268494 3.25999999046326 1 0.0000999999974737875 0.0163000002503395 
3.07177972793579 3.30400013923645 1 0.0000999999974737875 0.0165200009942055 
3.08050632476807 3.3050000667572 1 0.0000999999974737875 0.016525000333786 
3.08923292160034 3.2669997215271 1 0.0000999999974737875 0.0163349974900484 
3.0979597568512 3.24200010299683 1 0.0000999999974737875 0.016210000962019 
3.10668635368347 3.22399997711182 1 0.0000999999974737875 0.0161199998110533 
3.11541271209717 3.24499988555908 1 0.0000999999974737875 0.0162249989807606 
3.12413954734802 3.30299997329712 1 0.0000999999974737875 0.0165149997919798 
3.1328661441803 3.35199999809265 1 0.0000999999974737875 0.0167599990963936 
-3.14159274101257 3.39100003242493 1 0.0000999999974737875 0.0169549994170666 
-3.13286590576172 3.45199990272522 1 0.0000999999974737875 0.0172599982470274 
-3.12413930892944 3.51300001144409 1 0.0000999999974737875 0.0175649989396334 
-3.11541271209717 3.56900000572205 1 0.0000999999974737875 0.0178449992090464 
-3.10668611526489 3.56699991226196 1 0.0000999999974737875 0.0178349986672401 
-3.09795951843262 3.5770001411438 1 0.0000999999974737875 0.0178849995136261 
-3.08923268318176 5.48399972915649 1 0.0000999999974737875 0.0274199973791838 
-3.08050608634949 5.45699977874756 1 0.0000999999974737875 0.027284998446703 
-3.07177948951721 5.38299989700317 1 0.0000999999974737875 0.0269149988889694 
-3.06305289268494 5.39099979400635 1 0.0000999999974737875 0.0269549991935492 
-3.05432605743408 5.38399982452393 1 0.0000999999974737875 0.02691999822855 
-3.04559969902039 5.46299934387207 1 0.0000999999974737875 0.0273149963468313 
-3.03687286376953 5.41600036621094 1 0.0000999999974737875 0.027080001309514 
-3.02814626693726 5.40300035476685 1 0.0000999999974737875 0.0270150005817413 
-3.01941967010498 5.41499948501587 1 0.0000999999974737875 0.0270749963819981 
-3.01069283485413 5.3390007019043 1 0.0000999999974737875 0.0266950037330389 
-3.00196623802185 4.49300050735474 1 0.0000999999974737875 0.0224650017917156 
-2.99323964118958 3.54399991035461 1 0.0000999999974737875 0.0177199989557266 
-2.9845130443573 3.34999990463257 1 0.0000999999974737875 0.0167499985545874 
-2.97578644752502 3.33100008964539 1 0.0000999999974737875 0.0166549999266863 
-2.96705985069275 3.31500005722046 1 0.0000999999974737875 0.0165749993175268 
-2.95833301544189 3.32200026512146 1 0.0000999999974737875 0.016610000282526 
-2.94960641860962 3.34400010108948 1 0.0000999999974737875 0.016720000654459 
-2.94087982177734 3.99499988555908 1 0.0000999999974737875 0.0199749991297722 
-2.93215298652649 4.28900003433228 1 0.0000999999974737875 0.0214450005441904 
-2.92342662811279 3.44400000572205 1 0.0000999999974737875 0.0172199998050928 
-2.91469979286194 3.37599992752075 1 0.0000999999974737875 0.0168800000101328 
-2.90597319602966 3.36199998855591 1 0.0000999999974737875 0.0168099999427795 
-2.89724659919739 3.36299991607666 1 0.0000999999974737875 0.0168149992823601 
-2.88851976394653 3.37100005149841 1 0.0000999999974737875 0.0168549995869398 
-2.87979316711426 3.4610002040863 1 0.0000999999974737875 0.0173049997538328 
-2.87106657028198 3.61199998855591 1 0.0000999999974737875 0.0180599987506866 
-2.86233997344971 3.62899994850159 1 0.0000999999974737875 0.0181449986994267 
-2.85361337661743 3.64300012588501 1 0.0000999999974737875 0.0182150006294251 
-2.84488677978516 3.64200019836426 1 0.0000999999974737875 0.0182100012898445 
-2.8361599445343 3.63800001144409 1 0.0000999999974737875 0.0181900002062321 
-2.82743334770203 3.66300010681152 1 0.0000999999974737875 0.0183150004595518 
-2.81870675086975 3.67100024223328 1 0.0000999999974737875 0.0183550007641315 
-2.80998015403748 3.62100028991699 1 0.0000999999974737875 0.0181050002574921 
-2.8012535572052 3.60899996757507 1 0.0000999999974737875 0.0180449988692999 
-2.79252672195435 3.65499997138977 1 0.0000999999974737875 0.0182750001549721 
-2.78380012512207 4.61100006103516 1 0.0000999999974737875 0.02305500023067 
-2.77507352828979 4.60300016403198 1 0.0000999999974737875 0.0230149999260902 
-2.76634693145752 4.59999990463257 1 0.0000999999974737875 0.0229999981820583 
-2.75762009620666 4.60000038146973 1 0.0000999999974737875 0.0230000019073486 
-2.74889373779297 4.59400033950806 1 0.0000999999974737875 0.02297000028193 
-2.74016690254211 4.15100002288818 1 0.0000999999974737875 0.0207550004124641 
-2.73144030570984 4.14799976348877 1 0.0000999999974737875 0.0207399986684322 
-2.72271370887756 4.13800001144409 1 0.0000999999974737875 0.0206899996846914 
-2.71398687362671 4.14200019836426 1 0.0000999999974737875 0.0207100007683039 
-2.70526027679443 4.13600015640259 1 0.0000999999974737875 0.0206800010055304 
-2.69653367996216 4.13800001144409 1 0.0000999999974737875 0.0206899996846914 
-2.68780708312988 4.12999963760376 1 0.0000999999974737875 0.0206499975174665 
-2.67908048629761 4.1230001449585 1 0.0000999999974737875 0.0206150002777576 
-2.67035388946533 4.125 1 0.0000999999974737875 0.0206249989569187 
-2.66162705421448 4.11799955368042 1 0.0000999999974737875 0.0205899979919195 
-2.6529004573822 4.11899995803833 1 0.0000999999974737875 0.0205949991941452 
-2.64417386054993 4.1230001449585 1 0.0000999999974737875 0.0206150002777576 
-2.63544702529907 4.1100001335144 1 0.0000999999974737875 0.0205499995499849 
-2.62672066688538 4.11600017547607 1 0.0000999999974737875 0.0205800011754036 
-2.61799383163452 2.08899998664856 1 0.0000999999974737875 0.0104449996724725 
-2.60926723480225 2.07699990272522 1 0.0000999999974737875 0.0103849992156029 
-2.60054063796997 2.05800008773804 1 0.0000999999974737875 0.0102900005877018 
-2.5918140411377 2.01999998092651 1 0.0000999999974737875 0.0100999996066093 
-2.58308720588684 3.07699990272522 1 0.0000999999974737875 0.0153849991038442 
-2.57436060905457 2.91899991035461 1 0.0000999999974737875 0.0145949991419911 
-2.56563425064087 1.96399998664856 1 0.0000999999974737875 0.00981999933719635 
-2.55690741539001 1.9119998216629 1 0.0000999999974737875 0.00955999922007322 
-2.54818058013916 1.4099999666214 1 0.0000999999974737875 0.00704999966546893 
-2.53945398330688 1.39600002765656 1 0.0000999999974737875 0.00698000006377697 
-2.53072738647461 1.39300000667572 1 0.0000999999974737875 0.00696499971672893 
-2.52200078964233 1.38100004196167 1 0.0000999999974737875 0.0069050001911819 
-2.51327395439148 1.38900005817413 1 0.0000999999974737875 0.00694500003010035 
-2.50454759597778 1.37800002098083 1 0.0000999999974737875 0.00688999984413385 
-2.49582099914551 1.3860000371933 1 0.0000999999974737875 0.00693000014871359 
-2.48709416389465 1.39199995994568 1 0.0000999999974737875 0.00695999944582582 
-2.47836756706238 1.38999998569489 1 0.0000999999974737875 0.00694999983534217 
-2.46964073181152 1.38800001144409 1 0.0000999999974737875 0.00693999975919724 
-2.46091413497925 1.38699996471405 1 0.0000999999974737875 0.00693499948829413 
-2.45218753814697 1.39599990844727 1 0.0000999999974737875 0.00697999959811568 
-2.4434609413147 1.39499998092651 1 0.0000999999974737875 0.00697499979287386 
-2.43473434448242 1.39300000667572 1 0.0000999999974737875 0.00696499971672893 
-2.42600774765015 1.40199995040894 1 0.0000999999974737875 0.00700999982655048 
-2.41728091239929 1.39999997615814 1 0.0000999999974737875 0.00699999975040555 
-2.40855431556702 1.39800000190735 1 0.0000999999974737875 0.00698999967426062 
-2.39982771873474 1.40499997138977 1 0.0000999999974737875 0.00702499970793724 
-2.39110112190247 1.41199994087219 1 0.0000999999974737875 0.00705999974161387 
-2.38237452507019 1.40799987316132 1 0.0000999999974737875 0.00703999912366271 
-2.37364792823791 1.41799998283386 1 0.0000999999974737875 0.00708999997004867 
-2.36492109298706 1.41600000858307 1 0.0000999999974737875 0.00707999989390373 
-2.35619449615478 1.41499984264374 1 0.0000999999974737875 0.00707499915733934 
-2.34746789932251 1.42299997806549 1 0.0000999999974737875 0.00711499992758036 
-2.33874106407166 1.42200005054474 1 0.0000999999974737875 0.00711000012233853 
-2.33001446723938 1.42900013923645 1 0.0000999999974737875 0.00714500062167645 
-2.3212878704071 1.42900002002716 1 0.0000999999974737875 0.00714500015601516 
-2.31256127357483 1.43799996376038 1 0.0000999999974737875 0.00718999980017543 
-2.30383467674255 1.43299996852875 1 0.0000999999974737875 0.00716499984264374 
-2.2951078414917 1.44400000572205 1 0.0000999999974737875 0.00722000002861023 
-2.28638124465942 1.43700003623962 1 0.0000999999974737875 0.00718499999493361 
-2.27765464782715 1.44799995422363 1 0.0000999999974737875 0.00723999971523881 
-2.26892805099487 1.45200002193451 1 0.0000999999974737875 0.00725999986752868 
-2.2602014541626 1.46800005435944 1 0.0000999999974737875 0.00734000001102686 
-2.25147485733032 2.09100008010864 1 0.0000999999974737875 0.0104550002142787 
-2.24274826049805 2.10400009155273 1 0.0000999999974737875 0.0105200000107288 
-2.23402142524719 2.11199998855591 1 0.0000999999974737875 0.010559999383986 
-2.22529482841492 2.12299990653992 1 0.0000999999974737875 0.0106149995699525 
-2.21656799316406 2.11400008201599 1 0.0000999999974737875 0.0105699999257922 
-2.20784139633179 2.14499998092651 1 0.0000999999974737875 0.0107249999418855 
-2.19911479949951 2.1470000743866 1 0.0000999999974737875 0.0107350004836917 
-2.19038820266724 2.14300012588501 1 0.0000999999974737875 0.0107150003314018 
-2.18166160583496 2.15400004386902 1 0.0000999999974737875 0.0107699995860457 
-2.17293500900269 2.17499995231628 1 0.0000999999974737875 0.0108749996870756 
-2.16420841217041 2.18799996376038 1 0.0000999999974737875 0.0109399994835258 
-2.15548157691956 3.08299994468689 1 0.0000999999974737875 0.0154149997979403 
-2.14675498008728 3.09300017356873 1 0.0000999999974737875 0.0154650006443262 
-2.138028383255 3.11299991607666 1 0.0000999999974737875 0.0155649995431304 
-2.12930154800415 3.12400007247925 1 0.0000999999974737875 0.0156199997290969 
-2.12057495117187 3.14200019836426 1 0.0000999999974737875 0.01570999994874 
-2.1118483543396 3.16300010681152 1 0.0000999999974737875 0.0158150009810925 
-2.10312175750732 3.1710000038147 1 0.0000999999974737875 0.015854999423027 
-2.09439516067505 3.19199991226196 1 0.0000999999974737875 0.0159599985927343 
-2.08566856384277 0.888999998569489 1 0.0000999999974737875 0.0044450000859797 
-2.0769419670105 0.889999985694885 1 0.0000999999974737875 0.00444999989122152 
-2.06821537017822 0.891000032424927 1 0.0000999999974737875 0.00445500016212463 
-2.05948853492737 0.875999987125397 1 0.0000999999974737875 0.00437999982386827 
-2.05076169967651 0.879000067710877 1 0.0000999999974737875 0.00439500017091632 
-2.04203510284424 0.870000064373016 1 0.0000999999974737875 0.00435000006109476 
-2.03330850601196 0.85699999332428 1 0.0000999999974737875 0.00428499979898334 
-2.02458190917969 0.841000080108643 1 0.0000999999974737875 0.00420500012114644 
-2.01585531234741 0.857999980449677 1 0.0000999999974737875 0.00428999960422516 
-2.00712871551514 0.846000075340271 1 0.0000999999974737875 0.00423000007867813 
-1.99840199947357 0.837000072002411 1 0.0000999999974737875 0.00418500043451786 
-1.98967528343201 0.840000033378601 1 0.0000999999974737875 0.00419999985024333 
-1.98094868659973 0.824999988079071 1 0.0000999999974737875 0.00412499997764826 
-1.97222197055817 0.824999988079071 1 0.0000999999974737875 0.00412499997764826 
-1.96349549293518 0.818000018596649 1 0.0000999999974737875 0.00408999994397163 
-1.95476877689362 0.809000015258789 1 0.0000999999974737875 0.00404499983415008 
-1.94604218006134 0.805999994277954 1 0.0000999999974737875 0.00402999995276332 
-1.93731546401978 0.799000024795532 1 0.0000999999974737875 0.00399499991908669 
-1.92858874797821 0.796999990940094 1 0.0000999999974737875 0.00398499984294176 
-1.91986227035522 0.787999927997589 1 0.0000999999974737875 0.0039399997331202 
-1.91113543510437 0.792999923229218 1 0.0000999999974737875 0.00396499969065189 
-1.90240907669067 0.777999997138977 1 0.0000999999974737875 0.00388999981805682 
-1.89368224143982 0.782000005245209 1 0.0000999999974737875 0.00390999997034669 
-1.88495564460754 0.762999951839447 1 0.0000999999974737875 0.00381499971263111 
-1.87622892856598 0.768999934196472 1 0.0000999999974737875 0.00384499947540462 
-1.86750245094299 0.757000029087067 1 0.0000999999974737875 0.00378499994985759 
-1.85877573490143 0.767000019550324 1 0.0000999999974737875 0.00383500009775162 
-1.85004913806915 0.75599992275238 1 0.0000999999974737875 0.00377999944612384 
-1.84132242202759 0.758000016212463 1 0.0000999999974737875 0.00378999998793006 
-1.83259570598602 0.758999943733215 1 0.0000999999974737875 0.00379499956034124 
-1.82386910915375 0.846000015735626 1 0.0000999999974737875 0.00423000007867813 
-1.81514239311218 0.745999932289124 1 0.0000999999974737875 0.00372999953106046 
-1.8064159154892 0.75299996137619 1 0.0000999999974737875 0.00376499979756773 
-1.79768908023834 8.18899917602539 1 0.0000999999974737875 0.0409449934959412 
-1.78896236419678 2.34500002861023 1 0.0000999999974737875 0.0117250001057982 
-1.7802357673645 8.18899917602539 1 0.0000999999974737875 0.0409449934959412 
-1.77150905132294 2.38599991798401 1 0.0000999999974737875 0.0119299991056323 
-1.76278233528137 8.18900012969971 1 0.0000999999974737875 0.0409450009465218 
-1.7540557384491 2.37800002098083 1 0.0000999999974737875 0.0118899997323751 
-1.7453293800354 8.18900012969971 1 0.0000999999974737875 0.0409450009465218 
-1.73660266399384 0.709999918937683 1 0.0000999999974737875 0.00354999955743551 
-1.72787606716156 0.714999973773956 1 0.0000999999974737875 0.00357499974779785 
-1.71914935112 0.72299998998642 1 0.0000999999974737875 0.00361499981954694 
-1.71042275428772 0.866999983787537 1 0.0000999999974737875 0.00433499971404672 
-1.70169603824616 8.18900012969971 1 0.0000999999974737875 0.0409450009465218 
-1.69296932220459 0.707000017166138 1 0.0000999999974737875 0.0035349999088794 
-1.68424272537231 0.703999996185303 1 0.0000999999974737875 0.003519999794662 
-1.67551600933075 0.824000060558319 1 0.0000999999974737875 0.00412000017240644 
-1.66678929328918 0.680999934673309 1 0.0000999999974737875 0.00340499961748719 
-1.65806269645691 0.680999994277954 1 0.0000999999974737875 0.00340499985031784 
-1.64933598041534 0.685000002384186 1 0.0000999999974737875 0.0034250000026077 
-1.64060938358307 0.672999978065491 1 0.0000999999974737875 0.00336499977856874 
-1.63188302516937 0.681999981403351 1 0.0000999999974737875 0.0034099998883903 
-1.62315630912781 0.679000020027161 1 0.0000999999974737875 0.00339500000700355 
-1.61442971229553 0.675000071525574 1 0.0000999999974737875 0.00337500032037497 
-1.60570299625397 0.679000020027161 1 0.0000999999974737875 0.00339500000700355 
-1.5969762802124 0.669000029563904 1 0.0000999999974737875 0.00334500009194016 
-1.58824968338013 0.667999982833862 1 0.0000999999974737875 0.00333999982103705 
-1.57952296733856 0.671000003814697 1 0.0000999999974737875 0.00335499993525445 
-1.570796251297 0.674000024795532 1 0.0000999999974737875 0.00337000004947186 
