  0.73266839    0.47999838  1
  0.73529411    0.30311689  1
  0.79880049    0.41686203  1
  0.73489327    0.24845154  1
  0.69950946    0.50113355  1
  0.79712588    0.22287888  1
  0.88515387    0.10958102  1
  0.70823098    0.36544626  1
  0.68496672    0.29125665  1
  0.79631781    0.32351648  1
  0.66174743    0.60060347  1
  0.57678848    0.53438090  1
  0.69663607    0.48983206  1
  0.72725997    0.41683535  1
  0.71859992    0.54980939  1
  0.60856529    0.51004841  1
  0.65393668    0.51307872  1
  0.64675004    0.77669187  1
  0.78905511    0.46441140  1
  0.69451938    0.32409160  1
  0.76244486    0.49064414  1
  0.75801440    0.25521003  1
  0.68914771    0.44097319  1
  0.53345651    0.64550133  1
  0.73750482    0.48877586  1
  0.76719364    0.30704492  1
  0.64038511    0.55681305  1
  0.70443417    0.63102438  1
  0.66745526    0.23969576  1
  0.85402709    0.13141027  1
  0.70324563    0.56475503  1
  0.72366033    0.36719329  1
  0.61468352    0.51742703  1
  0.64188488    0.60055115  1
  0.58780320    0.81292470  1
  0.76933848    0.19832038  1
  0.75876937    0.25616887  1
  0.63379559    0.49173007  1
  0.95730849    0.14418340  1
  0.78592795    0.34565777  1
  0.74123546    0.34563726  1
  0.87273208    0.38077705  1
  0.49211218    0.55012890  1
  0.69797894    0.45405267  1
  0.70375835    0.54006468  1
  0.72331367    0.44624858  1
  0.61551021    0.44785951  1
  0.75199428    0.38468511  1
  0.51288224    0.59684904  1
  0.71525881    0.34051123  1
  0.74411896    0.53828785  1
  0.70233809    0.40202398  1
  0.73762418    0.31839945  1
  0.63941867    0.40576085  1
  0.75374919    0.38282578  1
  0.67329066    0.28142401  1
  0.56145883    0.38706123  1
  0.67889818    0.47378930  1
  0.65193411    0.32920089  1
  0.61670500    0.47267568  1
  0.74987274    0.46401618  1
  0.70943066    0.52586260  1
  0.68372993    0.62737641  1
  0.65822054    0.35521375  1
  0.85187312    0.36110539  1
  0.80802993    0.34696860  1
  0.68944714    0.58672995  1
  0.71344413    0.43890266  1
  0.83759216    0.37197179  1
  0.86203113    0.38314421  1
  0.80190237    0.26707485  1
  0.67753839    0.39840099  1
  0.65516652    0.32101859  1
  0.77134103    0.33889113  1
  0.63070937    0.54603540  1
  0.61267543    0.43675759  1
  0.67497972    0.46389941  1
  0.78912694    0.28766418  1
  0.71977426    0.35528347  1
  0.72723192    0.48944236  1
  0.80382896    0.40933308  1
  0.72633399    0.53381368  1
  0.60678253    0.40306674  1
  0.77922061    0.32448618  1
  0.74737786    0.45262190  1
  0.69821172    0.27773929  1
  0.66994769    0.68750976  1
  0.65849501    0.50103120  1
  0.70381697    0.35955413  1
  0.63621343    0.61960572  1
  0.66131517    0.51483840  1
  0.57647544    0.57689082  1
  0.66075349    0.39114595  1
  0.64555374    0.28031623  1
  0.75619802    0.25258744  1
  0.83257803    0.20574797  1
  0.79605746    0.37512993  1
  0.79704462    0.39308464  1
  0.76477865    0.26408530  1
  0.75349415    0.46622771  1
  0.64799695    0.12204786  1
  0.50993235    0.21326082  1
  0.36615479    0.09657037  1
  0.68710879    0.13156716  1
  0.50919743    0.19023248  1
  0.35531460    0.14291793  1
  0.57571361    0.21138633  1
  0.62295266    0.15015617  1
  0.27728270    0.12582005  1
  0.85676746    0.23828041  1
  0.15758721    0.24214206  1
  0.24705386    0.23627582  1
  0.74491372    0.22428359  1
  0.58840485    0.25525676  1
  0.45710156    0.25928458  1
  0.53380398    0.18379795  1
  0.65912361    0.14205284  1
  0.38064282    0.17922560  1
  0.69339801    0.26817392  1
  0.65320316    0.08581714  1
  0.52392316    0.13902118  1
  0.56507894    0.25878151  1
  0.42230326    0.24977859  1
  0.38262948    0.15006574  1
  0.46410133    0.16850967  1
  0.71087098    0.16216067  1
  0.49004421    0.16225570  1
  0.45314730    0.00000000  1
  0.36127269    0.15610235  1
  0.33442652    0.21284624  1
  0.53563658    0.36639360  1
  0.71291361    0.06334493  1
  0.74621354    0.12445448  1
  0.62932450    0.14818044  1
  0.47797435    0.11237197  1
  0.46777681    0.13307917  1
  0.59544972    0.03332683  1
  0.69501371    0.16609360  1
  0.70142228    0.13514834  1
  0.16283317    0.23700989  1
  0.52369430    0.18600783  1
  0.36344684    0.26881932  1
  0.44972993    0.30717582  1
  0.83392643    0.17804892  1
  0.39639959    0.09340006  1
  0.23859836    0.21190281  1
  0.56260918    0.28570011  1
  0.51011054    0.17501931  1
  0.45942752    0.21361296  1
  0.68491803    0.10199905  1
  0.63036030    0.29127929  1
  0.59724033    0.20913905  1
  0.48356103    0.15143731  1
  0.59274476    0.05234280  1
  0.48106180    0.13148294  1
  0.56418516    0.10239244  1
  0.63218359    0.13997196  1
  0.59092670    0.20509206  1
  0.41463072    0.24883799  1
  0.43827884    0.19696056  1
  0.35067030    0.19514962  1
  0.70543416    0.20245822  1
  0.52724827    0.38197338  1
  0.41738670    0.21120294  1
  0.64979539    0.18709175  1
  0.44283728    0.30421960  1
  0.60944414    0.18489032  1
  0.79586457    0.11957269  1
  0.69506901    0.24498912  1
  0.50389696    0.15545060  1
  0.51196310    0.19742453  1
  0.86908148    0.23359003  1
  0.50204498    0.24360641  1
  0.58422496    0.05803574  1
  0.58854670    0.00053583  1
  0.69281942    0.12166399  1
  0.56927182    0.30458752  1
  0.59555697    0.19645898  1
  0.58787846    0.16755177  1
  1.00000000    0.15019848  1
  0.68432786    0.25346206  1
  0.37916848    0.21261474  1
  0.31980031    0.22604871  1
  0.25060542    0.03502500  1
  0.85218367    0.15493959  1
  0.38919170    0.18868188  1
  0.70453765    0.10921781  1
  0.62473436    0.17575891  1
  0.26594778    0.14682310  1
  0.88400950    0.23249313  1
  0.62795182    0.13423477  1
  0.84871201    0.26680015  1
  0.59144685    0.17564738  1
  0.56305048    0.24770075  1
  0.35429892    0.36129608  1
  0.53833174    0.18611423  1
  0.55566105    0.29326524  1
  0.26693590    0.11126259  1
  0.52849072    0.31922619  1
  0.56020971    0.08886384  1
  0.38528587    0.58914181  -1
  0.35649439    0.42733913  -1
  0.26593740    0.74649470  -1
  0.24843960    0.46252625  -1
  0.46366972    0.71019544  -1
  0.23950169    0.49038515  -1
  0.24484504    0.58140288  -1
  0.51680360    0.59909837  -1
  0.39267388    0.63937214  -1
  0.43429961    0.38194442  -1
  0.29322836    0.63214177  -1
  0.37081521    0.37249088  -1
  0.42628888    0.27373264  -1
  0.41092818    0.56213434  -1
  0.58939844    0.18661057  -1
  0.32376030    0.27551527  -1
  0.37597272    0.49474755  -1
  0.48413439    0.61014392  -1
  0.49689519    0.58365736  -1
  0.17513015    0.42852648  -1
  0.34933164    0.52004976  -1
  0.31796458    0.62697438  -1
  0.39072279    0.60962759  -1
  0.44922048    0.64892995  -1
  0.44147375    0.65595722  -1
  0.51812799    0.52984773  -1
  0.44178776    0.29906242  -1
  0.42722480    0.48007632  -1
  0.49661992    0.27600284  -1
  0.43969342    0.61503035  -1
  0.24661537    0.77513574  -1
  0.40458114    0.24992474  -1
  0.21026161    0.68650782  -1
  0.51479935    0.38948858  -1
  0.16035979    0.55667247  -1
  0.33193655    0.41927616  -1
  0.40286751    0.63766135  -1
  0.38827815    0.54090653  -1
  0.59984360    0.37206763  -1
  0.39859467    0.53960831  -1
  0.32488272    0.64832249  -1
  0.45713203    0.35688771  -1
  0.25959883    0.46785249  -1
  0.45254137    0.54386545  -1
  0.42012069    0.66692551  -1
  0.34923596    0.66381153  -1
  0.32398501    0.51503542  -1
  0.26138640    0.40329050  -1
  0.18562182    0.32265585  -1
  0.34579336    0.40767534  -1
  0.67623095    0.72625629  -1
  0.38393290    0.69523103  -1
  0.52895217    0.78041103  -1
  0.51659778    0.75218096  -1
  0.09599824    0.85673588  -1
  0.69738775    0.80376464  -1
  0.83209424    0.86120569  -1
  0.47277540    0.81742066  -1
  0.65342375    0.82680868  -1
  0.34767959    0.77729608  -1
  0.58335028    0.87425392  -1
  0.84924737    0.75226209  -1
  0.70794867    0.91488353  -1
  0.35767284    0.81036656  -1
  0.30201089    0.68532324  -1
  0.48879665    0.85390628  -1
  0.43827789    0.85229908  -1
  0.46862446    0.88983316  -1
  0.70087648    0.78172505  -1
  0.51805328    0.89159192  -1
  0.76929154    0.83421466  -1
  0.47206792    0.68621200  -1
  0.45634894    0.72849207  -1
  0.61766187    0.85826519  -1
  0.55377169    0.90590588  -1
  0.44299961    0.70064606  -1
  0.20301446    0.73986049  -1
  0.28516155    0.71494074  -1
  0.58695633    0.91560658  -1
  0.57417737    0.73539189  -1
  0.22395493    0.83529766  -1
  0.50042689    0.74371545  -1
  0.57172072    0.84273274  -1
  0.27491208    0.67071509  -1
  0.30573677    0.85630323  -1
  0.68745743    0.66534723  -1
  0.17419055    0.76419386  -1
  0.55729885    0.81805535  -1
  0.64985012    0.74962972  -1
  0.16765055    0.68043446  -1
  0.45687939    0.81771892  -1
  0.27491329    0.68925136  -1
  0.49521258    0.78144407  -1
  0.40603974    0.59074170  -1
  0.19208402    0.61173912  -1
  0.58715024    0.79178586  -1
  0.58335291    0.86613751  -1
  0.37186453    0.66181125  -1
  0.57146300    0.83639351  -1
  0.24547258    0.78409243  -1
  0.06407697    0.07936634  -1
  0.09516203    0.15590303  -1
  0.21713805    0.39348937  -1
  0.01936021    0.50263959  -1
  0.12291475    0.58749645  -1
  0.10790759    0.26588219  -1
  0.11421410    0.41896302  -1
  0.09615559    0.32015990  -1
  0.11197330    0.47216418  -1
  0.08264007    0.68899501  -1
  0.00323366    0.18682982  -1
  0.06432212    0.64559341  -1
  0.10938833    0.37427531  -1
  0.11072874    0.35063866  -1
  0.12971807    0.54519483  -1
  0.21877077    0.66914826  -1
  0.00539919    0.34627242  -1
  0.13394433    0.26889216  -1
  0.10395845    0.33689971  -1
  0.09438771    0.30108003  -1
  0.05831367    0.30451599  -1
  0.08945756    0.30660819  -1
  0.13394165    0.52551469  -1
  0.11994772    0.58755313  -1
  0.00806758    0.27767914  -1
  0.14637740    0.55835162  -1
  0.11021820    0.54123638  -1
  0.20077988    0.56885278  -1
  0.03522929    0.30840475  -1
  0.05672212    0.29845902  -1
  0.00000000    0.14399239  -1
  0.09667828    0.38450087  -1
  0.15127428    0.51092085  -1
  0.07010624    0.36330586  -1
  0.06789648    0.41540915  -1
  0.08025475    0.40747024  -1
  0.08763914    0.50122414  -1
  0.15283650    0.40577505  -1
  0.09735458    0.40636429  -1
  0.06990319    0.42117332  -1
  0.13142600    0.41370161  -1
  0.02135033    0.36614721  -1
  0.12944102    0.22169319  -1
  0.08510913    0.46938380  -1
  0.21427775    0.63005359  -1
  0.06075422    0.37685193  -1
  0.11980333    0.40242140  -1
  0.10296931    0.37068833  -1
  0.03696927    0.11642940  -1
  0.14468787    0.62965249  -1
  0.27899891    0.76915280  -1
  0.11467944    0.77505059  -1
  0.07747715    0.93027924  -1
  0.18162342    0.52907325  -1
  0.28329674    0.68674809  -1
  0.29777522    0.79039852  -1
  0.26934989    0.71998030  -1
  0.29161191    1.00000000  -1
  0.38572968    0.68504973  -1
  0.05582353    0.42260260  -1
  0.26314221    0.82925902  -1
  0.21318592    0.54941901  -1
  0.14694422    0.90616073  -1
  0.28672316    0.78640216  -1
  0.21783914    0.68807907  -1
  0.33282059    0.60449061  -1
  0.11975002    0.97746660  -1
  0.13753182    0.77400820  -1
  0.25970065    0.66902724  -1
  0.13372117    0.64197750  -1
  0.22992694    0.70960702  -1
  0.18003498    0.89845731  -1
  0.32295583    0.98448576  -1
  0.26001085    0.73689404  -1
  0.17954861    0.78946547  -1
  0.15745261    0.77582567  -1
  0.17975113    0.51656357  -1
  0.44666912    0.75176689  -1
  0.21363233    0.66785208  -1
  0.19904511    0.67708900  -1
  0.19952596    0.71348718  -1
  0.36297695    0.35332410  -1
  0.05316310    0.63676437  -1
  0.32446213    0.83272362  -1
  0.14976661    0.74919769  -1
  0.19229386    0.66550401  -1
  0.28296941    0.68851388  -1
  0.12905499    0.59135515  -1
  0.25896580    0.64164814  -1
  0.21125569    0.65668493  -1
  0.08495975    0.70885345  -1
  0.23670527    0.81060664  -1
  0.27371705    0.73055365  -1
  0.27919796    0.72283495  -1
  0.16438688    0.62349156  -1
  0.21682585    0.86195862  -1
  0.27771622    0.76427298  -1
  0.26923908    0.80772621  -1
  0.18123323    0.76214512  -1
  0.09708513    0.83949272  -1
