  0.64918315    0.61736922  1
  0.46573930    0.54648574  1
  0.55766069    0.40526937  1
  0.57056291    0.47786799  1
  0.50563944    0.42698008  1
  0.68687045    0.56676671  1
  0.41412803    0.65215677  1
  0.46059727    0.49211968  1
  0.51381682    0.60241669  1
  0.50893888    0.42299181  1
  0.48544558    0.51068614  1
  0.46120339    0.47628985  1
  0.58427170    0.66137039  1
  0.50076721    0.52448090  1
  0.43034336    0.57301156  1
  0.66808377    0.45941637  1
  0.59253458    0.42948189  1
  0.64694832    0.53480057  1
  0.50394280    0.41052689  1
  0.68723683    0.35487240  1
  0.59324402    0.46341860  1
  0.33586106    0.65818609  1
  0.38707682    0.45417817  1
  0.56153590    0.51698894  1
  0.49550358    0.43354677  1
  0.49289705    0.28432604  1
  0.60787798    0.49441112  1
  0.66707899    0.66786513  1
  0.54338219    0.46040576  1
  0.51848119    0.37654708  1
  0.71885628    0.39288335  1
  0.50545912    0.53167482  1
  0.46395447    0.45130882  1
  0.45031994    0.59512914  1
  0.43705155    0.46611811  1
  0.51417510    0.28072724  1
  0.42523933    0.44934813  1
  0.33111382    0.56729660  1
  0.38522941    0.59951912  1
  0.54762509    0.62599549  1
  0.60943611    0.59688071  1
  0.61993980    0.60432510  1
  0.72470002    0.68839121  1
  0.40418632    0.65155394  1
  0.63521912    0.51235459  1
  0.51417370    0.44559408  1
  0.46232843    0.46571005  1
  0.46623502    0.56634451  1
  0.59040838    0.61813226  1
  0.56777469    0.46900751  1
  0.33604223    0.64932466  1
  0.60315326    0.42010411  1
  0.58433255    0.44669906  1
  0.48416720    0.45472830  1
  0.41387799    0.42655747  1
  0.43385111    0.58347967  1
  0.38983061    0.47520238  1
  0.50172857    0.68403802  1
  0.46979373    0.49373957  1
  0.47703265    0.68554828  1
  0.52735382    0.24544250  1
  0.47841215    0.53143172  1
  0.34632555    0.52340729  1
  0.44997463    0.69260726  1
  0.45708556    0.52117826  1
  0.34456731    0.67662388  1
  0.59003598    0.68825838  1
  0.30202990    0.43082250  1
  0.54629700    0.37239704  1
  0.47864954    0.58228038  1
  0.47209723    0.41087125  1
  0.56757711    0.47826867  1
  0.47782646    0.43585095  1
  0.48506305    0.50469437  1
  0.42422747    0.55546487  1
  0.61268921    0.56732521  1
  0.60003218    0.50826241  1
  0.57123636    0.39736648  1
  0.55659387    0.40760848  1
  0.57501060    0.52431074  1
  0.57197391    0.27060856  1
  0.54365255    0.37405779  1
  0.56606440    0.33397072  1
  0.43955824    0.46077265  1
  0.50923569    0.54407323  1
  0.55839821    0.73661132  1
  0.43801276    0.49394460  1
  0.50653877    0.38499899  1
  0.48877377    0.44790604  1
  0.62360291    0.54130735  1
  0.55104892    0.59904490  1
  0.60973707    0.44733996  1
  0.56521953    0.49389514  1
  0.60169427    0.61584651  1
  0.49755024    0.51728713  1
  0.51733205    0.50260271  1
  0.44719605    0.46045296  1
  0.54303657    0.45496623  1
  0.79654381    0.60274878  1
  0.51567454    0.43990441  1
  0.50216451    0.48952501  1
  0.58744852    0.38846338  1
  0.35892929    0.55621478  1
  0.61292216    0.51989286  1
  0.42649288    0.53959892  1
  0.56001455    0.49160906  1
  0.53256533    0.41834715  1
  0.50014239    0.48562775  1
  0.43878690    0.36282382  1
  0.54584266    0.45968178  1
  0.61257602    0.73071485  1
  0.57087837    0.66567838  1
  0.63819676    0.58326191  1
  0.37544445    0.53924249  1
  0.50828419    0.57903933  1
  0.37905223    0.53426766  1
  0.51728324    0.58981544  1
  0.55757305    0.61788520  1
  0.43403250    0.38975019  1
  0.62750934    0.47480250  1
  0.46166094    0.49158605  1
  0.56529133    0.43750124  1
  0.47365920    0.39252365  1
  0.43491396    0.62468280  1
  0.43691044    0.56277787  1
  0.36955221    0.40106789  1
  0.64995942    0.38653151  1
  0.27555428    0.53812948  1
  0.38474258    0.42380308  1
  0.31920951    0.37161414  1
  0.37975109    0.46901789  1
  0.24303895    0.40783323  1
  0.56328676    0.58140179  1
  0.51028268    0.73065167  1
  0.40919302    0.32012254  1
  0.38371134    0.58016079  1
  0.38210696    0.53764117  1
  0.48019261    0.40805636  1
  0.31566934    0.59287918  1
  0.54484419    0.40336267  1
  0.49799099    0.30155056  1
  0.47417202    0.37929556  1
  0.56800829    0.55359417  1
  0.53908988    0.53639937  1
  0.47394337    0.59707889  1
  0.50937150    0.54464194  1
  0.49388443    0.62347752  1
  0.44739605    0.28899521  1
  0.61133805    0.46317400  1
  0.61989867    0.45716095  1
  0.51329634    0.48843772  1
  0.40958650    0.60368916  1
  0.39578944    0.42507478  1
  0.53015049    0.52022860  1
  0.48149787    0.29863948  1
  0.42973694    0.40059862  1
  0.51892327    0.59067540  1
  0.39468724    0.31576770  1
  0.53858749    0.63930354  1
  0.35624253    0.44477615  1
  0.27493850    0.54843162  1
  0.48682915    0.37386998  1
  0.41381533    0.57168963  1
  0.65093746    0.49422288  1
  0.63598675    0.62283284  1
  0.44870944    0.43835912  1
  0.41524887    0.41903793  1
  0.48604837    0.41691510  1
  0.47664226    0.69665552  1
  0.63718015    0.46059188  1
  0.47360278    0.32954082  1
  0.62021427    0.59153817  1
  0.62320843    0.49692349  1
  0.74421856    0.45791198  1
  0.47066312    0.54730992  1
  0.46162205    0.58528036  1
  0.66458198    0.42909509  1
  0.43679685    0.50572767  1
  0.33516242    0.46254402  1
  0.51465002    0.43514707  1
  0.55366912    0.54307991  1
  0.47221710    0.56826388  1
  0.47337663    0.35401114  1
  0.37786745    0.60808834  1
  0.66902414    0.50961445  1
  0.52546739    0.47018799  1
  0.45478892    0.33164408  1
  0.54438020    0.46801870  1
  0.58519712    0.48724170  1
  0.40755320    0.50500050  1
  0.52772166    0.44965239  1
  0.46095200    0.58923613  1
  0.66222212    0.65499551  1
  0.52146230    0.62176424  1
  0.40034544    0.47075001  1
  0.49598711    0.52874648  1
  0.54883746    0.53603172  1
  0.70467003    0.43067055  1
  0.51020009    0.49319063  1
  0.56039815    0.43395687  1
  0.18917634    0.30899086  -1
  0.84404470    0.35879022  -1
  0.28726410    0.61199387  -1
  0.91639593    0.58836628  -1
  0.83823187    0.32330896  -1
  0.80240365    0.33061734  -1
  0.27977484    0.79839324  -1
  0.48441651    0.87528421  -1
  0.61374616    0.00049023  -1
  0.21523473    0.47131712  -1
  0.20664550    0.35947337  -1
  0.35759208    0.12219063  -1
  0.89838219    0.77346628  -1
  0.76646326    0.20337670  -1
  0.90384811    0.33270093  -1
  0.83747029    0.74388637  -1
  0.73367560    0.13569308  -1
  0.87277106    0.23986557  -1
  1.00000000    0.53261334  -1
  0.14365629    0.43531879  -1
  0.30677742    0.19460795  -1
  0.22928071    0.75918618  -1
  0.30543636    0.19672308  -1
  0.52422480    0.25616399  -1
  0.19429070    0.31983539  -1
  0.25775689    0.19979071  -1
  0.44720004    0.85365002  -1
  0.69108892    0.17780853  -1
  0.11946763    0.70237917  -1
  0.26069875    0.20436260  -1
  0.68486217    0.15955670  -1
  0.46616837    0.83747241  -1
  0.24273833    0.70019887  -1
  0.17468821    0.36658958  -1
  0.16328654    0.63151239  -1
  0.82787091    0.71699327  -1
  0.49038433    0.00000000  -1
  0.93629232    0.59135848  -1
  0.24732918    0.62731079  -1
  0.95672174    0.61095241  -1
  0.80225972    0.44515369  -1
  0.00000000    0.41667577  -1
  0.81836394    0.27836885  -1
  0.25995425    0.73560298  -1
  0.68402667    0.32323414  -1
  0.49592884    0.85713322  -1
  0.88504068    0.23008047  -1
  0.76936354    0.27170889  -1
  0.24038263    0.70839029  -1
  0.30871252    0.27961832  -1
  0.24405316    0.36552327  -1
  0.76149093    0.27824062  -1
  0.59120154    0.89602363  -1
  0.74138545    0.50055283  -1
  0.79750355    0.19981757  -1
  0.53721027    0.85036629  -1
  0.51956641    0.93497985  -1
  0.27998999    0.19364040  -1
  0.39506076    0.83349375  -1
  0.68398966    0.11973164  -1
  0.79553687    0.21305638  -1
  0.95744154    0.31939244  -1
  0.28951935    0.68724238  -1
  0.60665687    0.16881079  -1
  0.66354212    0.75260736  -1
  0.27757803    0.24535358  -1
  0.40315482    0.15651174  -1
  0.79106106    0.67937878  -1
  0.18270705    0.42461234  -1
  0.75699516    0.26519986  -1
  0.47697307    0.86635916  -1
  0.54308241    0.90894131  -1
  0.73316292    0.10469718  -1
  0.17032085    0.50459676  -1
  0.77537882    0.90902826  -1
  0.55590632    0.93639583  -1
  0.27095244    0.10268655  -1
  0.23003102    0.36906312  -1
  0.44178676    0.75537157  -1
  0.23500341    0.20946459  -1
  0.42597973    0.09272366  -1
  0.45722891    0.76776382  -1
  0.27697828    0.64753429  -1
  0.26081579    0.80779876  -1
  0.58875423    0.04732575  -1
  0.79577245    0.85283814  -1
  0.75410513    0.30432595  -1
  0.40932149    0.90906955  -1
  0.11175524    0.49555766  -1
  0.58107550    0.11629433  -1
  0.37582981    0.20686536  -1
  0.67846534    0.75074533  -1
  0.37406792    0.08199343  -1
  0.68402068    0.69710650  -1
  0.82747598    0.37123209  -1
  0.78347635    0.23393395  -1
  0.08506495    0.45110734  -1
  0.36200840    0.16426785  -1
  0.77850773    0.45099468  -1
  0.77356178    0.78602606  -1
  0.51090752    0.15229629  -1
  0.72249142    0.04838377  -1
  0.56655564    0.16833180  -1
  0.64013195    0.86691176  -1
  0.07396355    0.72023873  -1
  0.92569362    0.53582390  -1
  0.34379999    0.83943630  -1
  0.76270672    0.80872508  -1
  0.02906392    0.66091224  -1
  0.10958533    0.28403607  -1
  0.57922428    0.20219095  -1
  0.18333390    0.68798600  -1
  0.09364237    0.40144444  -1
  0.74442016    0.36417444  -1
  0.80880015    0.25298650  -1
  0.16642965    0.38753341  -1
  0.81161349    0.25722904  -1
  0.80018788    0.60204058  -1
  0.59610399    0.24212580  -1
  0.35693049    0.76925622  -1
  0.56922190    1.00000000  -1
  0.66038987    0.15272145  -1
  0.33209703    0.76109897  -1
  0.73218750    0.91154758  -1
  0.91293121    0.57319540  -1
  0.80107220    0.40224953  -1
  0.32739810    0.07926128  -1
  0.77809232    0.14045310  -1
  0.79578873    0.36792929  -1
  0.34072593    0.11076434  -1
  0.79818869    0.31351635  -1
  0.48827913    0.96372045  -1
  0.71927907    0.29226460  -1
  0.79891361    0.31993145  -1
  0.38053045    0.91459285  -1
  0.82287449    0.66504396  -1
  0.54928413    0.07083641  -1
  0.90398247    0.74942213  -1
  0.46221783    0.13646945  -1
  0.22935166    0.59655070  -1
  0.24407854    0.09574327  -1
  0.66729677    0.80963660  -1
  0.13675281    0.41400423  -1
  0.29082485    0.23281514  -1
  0.76986759    0.51976115  -1
  0.21015264    0.55495705  -1
  0.83618283    0.18404328  -1
  0.75780676    0.73199140  -1
  0.17987608    0.62824289  -1
  0.30411506    0.15036093  -1
  0.38756569    0.94106452  -1
  0.85591031    0.37206969  -1
  0.38895980    0.14494372  -1
  0.58881474    0.81566123  -1
  0.13665523    0.35049829  -1
  0.67590725    0.32004509  -1
  0.23734551    0.38321227  -1
  0.51236188    0.05797819  -1
  0.81031171    0.23816100  -1
  0.66024228    0.23791496  -1
  0.77197685    0.80465862  -1
  0.65049594    0.88325460  -1
  0.67002502    0.75090975  -1
  0.85442317    0.56373252  -1
  0.95939150    0.52246662  -1
  0.23637931    0.29115749  -1
  0.29148748    0.30362236  -1
  0.82733155    0.29977904  -1
  0.47302279    0.14380346  -1
  0.40013116    0.84114683  -1
  0.12408035    0.50591400  -1
  0.48827778    0.87903905  -1
  0.47041550    0.13245989  -1
  0.72668258    0.70989302  -1
  0.49877944    0.15888322  -1
  0.61542554    0.19443269  -1
  0.49682664    0.14500103  -1
  0.26537349    0.92365597  -1
  0.18989820    0.29307353  -1
  0.18736259    0.56282148  -1
  0.80552452    0.69267107  -1
  0.68337727    0.13823227  -1
  0.35976487    0.12024059  -1
  0.46550037    0.90132425  -1
  0.92184872    0.40682339  -1
  0.64290006    0.82954877  -1
  0.38940611    0.88600088  -1
  0.23404515    0.67898750  -1
  0.52741989    0.76169348  -1
  0.61608679    0.82529384  -1
  0.38397720    0.03253265  -1
  0.64885918    0.82584879  -1
  0.09154629    0.43073908  -1
  0.39376957    0.90421612  -1
  0.19282669    0.57547864  -1
  0.92754726    0.26227645  -1
  0.59370697    0.92949764  -1
  0.91837792    0.49720219  -1
  0.75942237    0.31175623  -1
  0.37053096    0.18052741  -1
